212 234 5000
98 118
131 72
72 24
123 75
90 76
212 129
58 38
39 159
204 167
83 129
193 20
59 58
121 62
104 168
201 87
149 160
85 190
26 16
134 88
50 77
204 34
24 83
183 110
76 19
24 125
152 178
53 196
170 135
212 162
117 145
187 95
5 160
132 234
175 191
36 155
41 157
52 234
197 10
90 211
28 91
21 214
191 177
181 173
4 98
182 69
12 128
36 27
58 191
160 234
144 54
17 82
50 230
195 50
170 80
162 1
155 175
34 192
100 142
15 182
70 59
127 123
106 116
85 186
80 112
200 109
53 120
212 106
72 234
135 1
1 42
193 225
175 34
87 32
89 81
68 122
98 63
4 62
94 83
49 15
136 73
1 85
133 15
28 37
42 119
127 234
18 100
212 74
123 139
113 200
187 20
167 1
135 143
2 142
15 48
163 179
7 65
49 178
170 23
117 96
112 65
212 117
146 203
32 43
121 38
203 181
87 116
74 40
117 191
57 114
194 90
39 63
106 83
1 133
176 143
54 13
32 122
131 34
89 89
101 136
33 109
156 53
179 144
194 213
8 116
87 234
204 1
109 117
116 164
134 104
42 111
39 3
142 75
155 214
58 125
73 161
128 28
186 201
8 60
119 3
18 66
1 179
210 126
29 212
100 143
174 37
1 58
194 87
77 234
40 136
182 54
64 33
192 174
204 234
88 219
57 79
35 1
117 200
129 208
134 222
138 59
1 68
91 213
192 71
160 58
110 166
195 153
101 13
125 5
17 145
83 86
91 144
92 22
1 74
37 142
212 66
67 105
21 209
35 234
124 182
3 55
30 133
1 24
129 146
178 3
14 83
187 56
51 141
22 9
55 28
118 187
82 194
126 74
174 65
74 189
75 117
180 107
177 46
53 78
22 113
182 187
182 39
1 60
179 104
17 61
47 67
4 95
44 234
208 132
100 16
70 175
182 18
66 94
205 140
153 132
185 113
29 116
182 213
135 80
106 161
206 11
6 107
52 203
203 195
23 28
183 55
138 30
153 172
51 180
166 42
182 220
158 159
173 196
104 141
179 21
37 234
138 80
30 142
203 200
127 187
177 15
47 75
188 93
67 212
98 82
20 117
40 4
138 146
166 201
110 165
101 5
150 159
151 95
196 92
48 223
7 234
149 59
42 102
22 130
15 6
178 82
54 1
19 1
43 70
212 130
20 100
71 115
78 234
119 80
144 179
39 67
108 135
201 217
73 64
37 111
132 182
128 184
153 118
212 211
50 27
58 190
136 116
153 204
140 155
195 83
2 163
185 167
118 56
45 208
103 79
97 140
148 78
15 30
160 217
96 162
212 183
94 224
26 128
146 38
151 25
104 1
49 204
198 223
30 113
3 110
185 153
38 217
104 65
139 63
51 176
27 153
38 215
24 139
93 162
195 154
181 17
56 5
75 7
144 88
150 140
84 62
111 126
20 45
61 97
156 27
4 231
53 23
37 55
69 149
54 34
53 95
118 110
21 93
18 48
62 112
52 13
113 76
157 160
10 139
7 231
117 59
74 73
81 79
30 110
30 135
70 136
55 52
66 187
54 10
117 55
173 179
206 137
72 174
100 106
160 120
52 17
123 120
9 18
197 37
139 94
1 218
78 47
45 15
52 14
135 91
141 62
86 136
167 124
50 115
121 8
109 80
15 76
176 48
25 204
138 126
121 68
103 3
22 124
52 209
162 234
1 174
172 176
120 201
98 172
192 70
204 17
62 13
199 16
183 183
198 66
60 26
131 120
93 179
193 153
78 160
199 14
138 39
190 114
57 59
194 46
118 90
164 40
103 26
113 64
58 16
129 73
59 12
170 174
51 86
87 84
193 118
96 21
158 196
69 47
31 114
212 98
179 102
5 48
108 144
141 159
71 65
172 16
13 110
131 128
176 184
96 74
91 35
26 61
53 226
170 199
181 135
37 106
34 59
26 20
4 104
197 173
135 153
110 170
133 122
26 137
109 169
188 40
205 123
201 225
89 25
92 140
124 156
182 201
173 98
1 92
101 127
196 49
85 208
205 152
208 121
164 76
173 189
53 103
29 127
110 133
37 122
117 78
97 206
166 11
1 81
180 141
203 13
86 28
137 116
34 53
168 87
92 185
32 223
156 164
12 123
128 229
86 125
212 79
17 30
175 24
140 45
47 189
4 43
192 66
62 234
175 40
166 59
39 183
175 48
76 28
41 224
46 77
184 184
191 184
111 31
22 191
98 65
51 174
148 85
14 115
10 20
27 87
71 55
30 73
129 215
160 205
210 207
192 64
107 19
65 190
129 110
33 108
77 44
128 121
168 170
135 145
32 39
154 103
190 103
141 37
75 208
212 102
9 226
107 25
33 168
148 171
176 26
45 27
163 153
73 173
23 71
79 156
140 216
29 148
108 156
178 111
89 234
196 174
170 13
192 228
69 50
144 79
128 94
23 54
181 189
98 40
106 106
106 81
41 125
16 114
114 175
67 54
175 87
147 42
89 170
10 234
210 49
11 166
13 25
137 16
191 1
148 89
53 112
71 141
55 41
143 57
164 150
53 70
162 97
95 70
151 113
94 222
87 100
181 120
137 179
100 17
170 201
168 54
61 157
158 188
159 222
167 234
50 196
211 66
140 228
211 144
149 106
70 127
175 123
36 223
110 219
47 25
104 187
87 195
209 210
105 219
113 232
143 210
46 202
73 122
44 11
12 233
3 79
166 222
9 133
90 197
53 123
86 119
130 121
146 174
70 118
94 139
205 86
194 118
86 15
170 186
153 147
180 43
144 14
76 106
31 218
151 134
154 145
131 144
207 184
22 88
70 160
90 199
16 18
34 19
20 25
159 16
76 88
9 217
118 15
42 199
118 181
2 222
61 2
66 108
177 4
153 1
69 40
6 81
212 34
165 222
163 143
131 177
121 51
197 84
208 85
169 172
105 84
195 31
130 84
70 234
148 199
189 5
18 85
151 11
198 104
105 181
131 33
12 25
212 157
31 106
170 37
75 168
200 121
49 194
212 181
1 221
64 1
196 221
185 72
129 232
131 48
212 115
35 172
123 89
89 101
54 33
210 101
141 167
24 1
163 36
120 229
186 225
92 139
66 51
1 51
176 106
152 88
1 31
138 172
119 106
61 136
211 159
169 225
154 57
209 97
102 29
98 221
134 155
49 3
143 234
204 216
20 120
69 173
201 95
93 204
167 134
186 21
129 129
14 79
79 138
65 77
140 1
24 200
157 53
100 58
180 1
101 54
33 104
54 127
8 121
105 154
55 115
133 123
41 28
124 19
158 160
183 128
9 51
187 38
54 233
75 118
137 118
193 80
7 233
94 93
54 210
123 12
76 38
152 211
161 119
189 199
127 153
133 126
194 114
171 168
138 221
43 126
24 39
105 157
168 35
202 75
47 32
105 3
188 16
98 67
85 175
15 128
61 88
104 32
208 77
173 202
91 212
81 83
166 47
47 179
202 141
113 224
172 197
46 1
197 4
151 121
193 98
2 114
190 100
212 158
130 207
43 204
30 144
84 185
139 172
1 11
82 78
193 113
121 174
43 216
133 89
203 220
2 217
47 162
127 142
80 139
203 150
30 42
127 18
155 31
179 82
1 231
153 234
132 99
121 5
150 1
163 1
112 198
11 6
55 147
74 127
201 45
181 93
167 52
48 114
212 42
39 7
124 188
61 76
114 50
172 177
116 234
185 58
1 177
93 15
212 24
113 110
61 149
1 126
132 86
180 233
112 66
127 204
1 135
104 48
96 96
1 159
179 32
103 45
117 134
31 107
196 152
2 181
74 132
94 128
31 146
89 183
145 211
65 217
182 224
162 140
30 45
114 97
186 24
84 161
8 87
21 71
73 86
156 126
106 186
101 234
99 85
159 121
144 96
211 79
80 204
39 97
147 21
116 198
74 26
183 164
119 155
212 152
130 184
109 234
180 77
187 106
153 194
5 49
49 23
34 68
183 177
60 63
152 105
176 98
108 200
126 217
90 88
101 45
79 2
3 121
29 131
143 225
85 179
159 1
165 1
32 148
180 44
161 107
165 138
31 27
198 130
88 61
138 54
66 52
170 214
111 13
95 160
154 51
110 229
181 176
182 26
185 148
191 59
18 9
124 73
60 234
160 92
56 145
1 168
10 46
25 74
88 72
59 208
4 99
88 155
134 39
61 94
38 104
138 211
64 234
81 150
17 159
148 11
43 121
102 41
13 95
84 172
89 150
30 44
141 177
38 62
138 55
123 29
82 156
27 86
110 205
162 55
44 150
7 4
39 192
3 39
161 63
50 198
19 137
49 86
116 127
20 34
69 234
54 3
168 221
109 217
88 202
50 54
29 55
166 25
103 57
101 70
62 36
211 186
73 17
114 98
40 40
176 73
208 6
58 183
7 110
170 101
169 105
85 113
84 234
152 17
86 156
161 213
90 185
105 151
50 134
211 219
95 12
26 29
174 229
43 131
168 125
185 57
20 123
198 44
2 134
123 41
109 31
193 27
98 46
91 143
14 73
209 92
28 136
108 98
143 38
31 40
109 123
96 18
66 1
52 159
191 175
193 223
156 79
2 223
142 161
157 131
188 33
208 104
165 233
79 172
70 166
11 132
21 177
166 128
204 179
130 131
63 216
88 41
163 77
119 201
146 9
44 218
201 203
121 92
161 19
79 39
52 21
86 173
212 193
1 29
77 211
140 232
158 210
178 64
57 195
108 222
80 70
30 74
126 55
42 180
1 73
159 161
98 48
193 231
16 68
212 87
62 128
68 16
91 86
128 173
8 54
74 234
39 196
135 96
13 157
192 57
31 124
9 109
212 91
90 104
42 188
4 161
162 179
177 17
149 19
4 129
62 186
50 138
6 118
141 190
76 125
127 40
81 208
194 75
90 151
16 31
51 11
186 196
29 110
96 85
148 194
186 55
86 99
18 233
83 234
211 60
10 10
1 226
135 178
117 88
193 186
196 40
108 196
58 12
91 181
26 59
134 123
148 227
112 225
170 70
112 175
142 50
158 217
174 204
64 209
184 148
134 209
156 56
207 142
70 182
173 128
212 92
90 166
3 140
161 160
119 185
159 139
54 20
198 89
147 111
209 141
206 38
151 156
177 234
85 182
126 192
177 184
39 38
135 155
152 1
60 41
144 169
22 14
190 140
83 127
84 154
109 71
144 145
135 33
57 140
208 42
118 115
167 80
67 56
58 192
139 109
42 156
110 44
195 234
106 36
105 183
130 16
79 3
30 66
179 52
189 49
156 130
183 223
79 40
143 121
204 45
85 87
19 32
3 112
149 27
185 228
16 208
111 56
117 136
134 214
87 171
78 200
58 177
203 173
78 222
44 33
46 118
84 207
151 57
67 183
111 144
146 134
44 44
158 117
140 200
70 15
40 108
55 59
194 78
183 153
208 171
174 234
103 187
77 118
177 220
140 148
189 164
123 181
13 38
67 34
113 197
198 234
169 188
1 188
122 225
95 177
123 127
134 122
26 153
199 221
57 65
124 164
68 214
12 219
50 205
163 199
78 95
3 196
65 29
41 31
38 119
125 78
151 26
5 24
29 69
158 111
132 15
173 45
179 3
44 155
113 234
71 56
71 95
177 56
75 17
110 48
1 54
177 18
212 137
102 146
24 209
50 135
5 208
202 41
212 189
127 226
64 131
60 123
135 28
106 172
74 12
122 58
105 76
106 80
32 180
135 19
192 13
71 114
198 23
189 133
83 228
95 211
203 234
61 42
212 128
151 4
122 196
59 145
82 48
186 9
200 62
51 54
14 120
114 214
22 211
193 46
142 126
119 66
95 165
153 221
39 128
206 53
59 189
57 199
191 227
175 18
140 10
179 1
60 195
211 234
144 225
143 134
66 6
30 62
95 176
102 234
76 98
68 124
159 61
1 26
121 113
157 56
167 133
33 160
121 6
22 171
152 185
169 220
67 9
186 223
116 191
1 63
1 45
206 124
22 70
87 212
137 119
143 25
122 36
1 88
158 156
50 117
6 234
104 91
165 82
168 229
51 225
36 69
154 195
84 151
132 47
71 75
48 88
51 92
114 222
68 156
59 136
134 116
166 163
204 4
1 172
163 129
98 226
12 6
12 126
60 164
83 147
139 194
200 234
60 92
84 183
204 85
5 136
200 33
40 49
88 223
56 125
161 154
87 150
31 51
132 131
209 85
210 16
114 73
201 170
41 156
143 126
3 156
169 114
212 192
109 202
206 140
129 38
141 25
69 108
149 132
8 158
43 163
137 159
24 191
1 116
12 125
123 210
133 13
174 67
48 128
50 92
51 234
28 46
115 198
188 165
71 6
38 216
7 88
175 1
212 172
119 150
168 122
113 89
184 44
183 16
121 20
32 119
211 153
70 199
65 156
28 197
178 119
40 110
52 167
7 195
158 205
124 196
174 219
160 101
211 201
1 100
212 223
110 32
126 50
43 170
124 130
166 233
2 112
34 172
175 143
197 127
47 156
148 224
158 232
177 165
104 29
59 57
4 56
86 175
94 25
131 43
82 231
121 37
159 234
198 126
120 81
1 199
38 185
52 191
102 153
36 34
24 93
29 67
108 119
162 62
37 109
70 65
198 2
119 222
104 85
169 194
88 34
9 105
44 25
212 218
26 201
1 124
199 41
68 35
175 148
57 77
178 170
211 22
35 230
166 130
145 51
119 74
46 116
171 25
31 5
158 129
154 48
78 221
131 3
203 120
173 234
55 73
39 64
81 57
62 11
83 120
176 177
142 108
167 160
79 97
120 26
47 54
115 90
100 220
155 191
132 146
51 45
83 181
147 44
173 55
130 165
194 97
197 133
154 202
34 43
112 10
166 38
131 166
38 70
59 205
212 67
108 101
187 149
148 32
34 197
1 94
23 121
160 54
28 108
86 78
1 232
3 225
131 49
209 98
190 229
194 146
12 11
70 197
33 223
34 228
60 225
134 140
24 7
201 201
209 81
199 2
147 133
15 11
193 180
94 195
99 154
179 41
4 216
18 155
121 216
112 58
97 215
131 189
70 184
203 60
119 11
40 171
106 194
136 44
107 2
126 124
188 1
101 219
21 3
10 47
165 174
6 23
28 204
155 42
79 104
206 185
38 105
109 147
165 167
7 60
130 198
173 115
116 130
103 176
16 179
210 68
38 20
52 111
6 185
107 186
50 194
123 53
171 38
159 53
49 186
95 138
61 146
156 192
182 73
133 130
157 135
184 34
134 23
115 60
1 213
93 56
55 8
128 1
61 134
96 140
131 1
1 53
3 182
49 24
4 215
141 199
132 7
65 82
177 223
114 211
157 142
128 150
203 185
135 189
1 187
52 206
199 162
48 101
132 105
209 45
143 80
7 123
124 232
190 1
91 190
131 38
206 97
8 62
193 207
19 41
172 118
55 234
74 67
9 73
108 47
66 144
89 153
55 135
114 75
44 190
184 191
32 212
169 80
14 138
204 188
20 106
206 35
14 82
86 80
167 77
21 188
106 13
102 181
206 4
116 11
73 104
196 66
45 226
12 121
210 150
117 132
120 216
212 8
164 77
118 94
116 1
118 195
212 25
188 92
122 234
39 215
171 212
114 56
209 29
179 153
16 89
37 226
13 34
158 48
118 84
212 109
82 173
88 67
141 60
53 179
208 27
146 80
55 44
66 143
134 11
20 54
44 41
150 192
120 169
193 139
102 50
147 24
78 215
70 203
1 191
157 107
161 139
54 6
50 157
100 27
38 76
53 15
201 109
136 99
182 101
6 142
40 73
28 219
179 158
38 140
202 63
76 84
181 98
90 22
178 165
1 143
77 148
7 188
88 6
109 178
102 52
182 234
32 84
80 39
212 195
181 22
122 85
163 182
135 44
68 111
15 24
85 57
86 230
43 171
196 168
199 154
112 127
40 116
36 111
100 138
197 202
42 21
150 191
182 146
142 218
20 212
1 169
113 22
106 77
212 15
203 23
202 135
1 6
178 150
152 99
167 26
58 154
193 198
9 118
115 101
9 70
189 224
162 135
29 25
176 130
56 216
38 3
58 149
62 43
130 75
10 55
129 234
112 16
211 212
85 150
36 101
40 79
178 219
147 29
47 173
165 169
205 230
184 163
124 110
34 215
46 51
142 149
32 204
210 85
49 29
157 141
97 212
142 215
41 55
185 126
116 73
101 105
92 186
75 19
202 219
102 214
193 92
32 65
25 62
190 143
21 45
175 90
76 112
84 57
5 20
17 99
180 153
124 185
193 31
79 233
190 124
120 183
25 116
138 212
183 167
74 34
1 198
125 18
165 10
49 42
173 95
25 39
26 94
157 21
75 109
112 125
190 29
79 85
194 143
76 164
74 10
13 80
80 89
31 82
155 146
48 89
38 232
93 172
212 36
148 7
212 139
181 227
107 72
156 89
98 183
119 234
39 24
124 23
34 156
113 163
194 144
127 66
110 193
140 56
96 89
208 232
105 9
36 208
89 61
146 164
33 59
131 192
157 189
194 188
158 136
97 55
87 76
212 229
35 146
91 136
47 84
7 173
203 137
20 6
145 234
194 173
139 123
97 40
92 133
120 50
35 125
95 209
31 186
56 229
143 127
101 126
145 117
14 48
60 139
94 1
176 154
44 69
45 135
43 12
138 223
127 4
39 179
69 168
87 138
187 100
1 62
39 144
199 43
82 193
94 229
4 179
11 86
99 31
182 119
92 36
151 180
7 159
96 177
44 143
12 3
12 230
132 211
203 142
170 76
139 26
7 67
36 137
55 1
57 81
168 80
177 226
189 75
134 213
192 97
67 17
40 128
151 117
37 176
166 105
85 203
199 121
176 160
125 174
180 190
1 2
116 116
65 107
86 169
39 222
74 30
13 22
108 67
205 98
96 31
188 103
73 134
179 201
3 90
28 187
128 114
155 130
194 199
12 168
169 12
102 180
65 137
200 25
179 188
128 221
72 190
151 160
68 220
26 56
143 72
118 171
177 20
35 95
186 216
80 23
89 202
37 77
170 217
111 156
1 41
47 147
133 157
66 169
33 200
43 174
53 75
13 190
195 209
6 67
83 46
175 116
59 207
62 176
212 37
49 215
189 203
78 3
178 102
99 179
50 232
103 72
105 182
184 204
69 132
197 232
198 165
175 29
172 234
44 130
153 75
30 148
37 104
109 192
159 17
138 164
120 65
28 234
186 98
199 45
73 75
87 24
17 20
46 50
88 160
83 200
207 104
188 156
90 152
83 5
115 96
212 135
143 118
187 64
136 211
90 154
193 203
38 40
169 206
154 44
126 233
92 102
175 113
141 85
74 50
72 202
183 77
59 211
43 108
124 30
134 201
31 89
72 110
6 182
105 92
23 202
31 199
1 215
3 115
23 6
10 164
87 45
131 234
139 155
118 193
130 157
56 32
207 88
63 159
74 151
175 206
212 160
88 96
130 137
98 105
82 88
198 142
195 48
120 121
172 77
164 202
70 109
144 233
147 130
96 204
212 182
101 142
54 149
7 41
36 120
80 132
6 114
71 187
168 216
59 113
82 40
166 28
199 148
106 181
135 226
180 133
135 82
3 15
158 59
96 98
32 123
22 91
20 201
208 61
183 41
114 16
89 187
157 173
147 112
29 191
127 124
207 25
97 224
19 194
203 31
27 182
189 63
90 234
38 199
2 32
21 15
108 167
51 117
66 200
183 140
149 138
167 190
142 160
59 51
84 4
186 203
1 194
32 111
155 140
143 156
95 234
187 70
98 50
187 94
148 234
168 89
108 178
79 101
14 146
49 234
119 40
104 8
145 180
145 183
37 8
83 58
163 132
19 145
144 234
184 20
134 220
178 15
150 137
45 145
169 1
3 209
10 45
43 20
47 234
35 65
52 217
112 5
39 234
149 161
80 187
24 56
152 170
135 103
36 13
94 17
130 67
103 161
75 47
11 203
36 98
79 140
1 84
150 220
154 155
212 76
145 186
178 40
207 76
130 34
74 192
181 117
181 234
196 98
41 217
140 165
5 28
141 1
11 228
10 184
117 129
130 132
79 155
56 129
123 39
96 44
38 110
169 57
9 158
106 74
141 55
24 131
112 98
135 60
132 25
199 11
118 86
25 8
33 166
139 71
111 158
144 55
63 114
38 93
56 14
168 213
45 119
89 35
87 227
22 4
12 34
134 102
181 14
73 117
191 11
80 215
135 197
1 208
17 1
208 14
119 200
70 191
44 32
93 154
6 41
75 85
81 169
89 212
128 222
92 198
153 43
87 104
178 5
63 149
74 87
118 189
143 90
70 163
195 195
35 133
142 122
142 155
66 180
205 103
4 91
212 199
150 185
170 185
87 33
84 204
71 151
94 77
212 174
25 92
88 56
159 4
63 22
95 72
204 6
17 133
190 11
193 227
35 104
171 135
65 59
1 50
124 146
129 194
202 115
60 143
44 73
193 55
171 10
43 87
108 127
76 31
45 65
207 189
120 44
89 189
191 125
173 82
105 155
194 12
77 192
34 28
138 82
212 122
187 233
23 43
82 37
212 164
94 157
134 71
59 173
189 178
197 193
7 118
138 188
55 23
1 204
79 222
78 69
123 159
120 198
64 91
183 6
103 169
207 72
143 18
125 1
48 113
167 199
1 180
198 113
107 129
91 43
10 221
126 37
204 144
174 122
138 42
9 83
41 80
67 35
204 87
51 96
173 203
181 172
133 110
87 1
131 124
73 148
145 46
81 122
64 153
69 219
79 24
6 35
189 103
187 197
84 162
171 92
16 11
89 63
36 87
136 90
168 81
2 233
55 122
135 234
207 106
194 183
212 201
54 8
16 131
1 93
164 234
192 42
212 132
96 201
204 74
191 128
121 179
148 112
209 194
166 202
158 145
130 134
49 128
182 49
188 62
92 56
192 133
2 115
135 166
159 131
107 99
72 171
85 63
47 20
64 97
108 58
7 71
128 119
193 200
20 32
121 99
86 1
78 171
185 223
105 70
201 216
161 135
149 172
172 207
99 96
48 104
98 189
192 169
113 211
151 135
212 93
106 33
129 1
195 117
102 160
212 203
91 133
183 119
155 8
199 233
127 25
150 68
163 53
155 205
103 96
86 53
30 65
22 23
181 175
68 82
7 87
10 196
20 21
187 57
169 190
12 68
29 51
143 109
33 73
118 19
19 58
61 154
85 126
1 70
207 1
23 1
66 125
109 53
74 131
103 162
176 233
36 1
123 177
21 138
125 204
22 165
212 94
147 18
79 223
164 11
147 19
109 195
150 37
165 142
36 144
167 142
109 62
169 178
5 19
207 180
115 234
82 4
126 76
84 64
122 52
129 24
30 187
97 28
33 150
42 202
70 156
95 89
177 146
73 1
89 139
1 110
168 50
120 234
109 45
128 223
146 183
58 207
4 143
18 148
180 42
165 68
147 79
59 9
175 85
158 31
34 65
81 152
108 146
212 50
93 1
71 234
81 234
36 227
210 132
181 95
75 124
109 158
49 33
1 82
176 204
205 49
57 234
212 188
91 222
95 86
111 146
93 171
145 213
96 30
95 74
100 22
21 227
195 113
65 181
60 178
7 43
138 137
63 113
201 193
56 103
132 110
184 14
184 232
113 55
112 88
201 35
212 55
1 223
208 168
197 233
77 65
158 206
181 41
14 122
94 10
95 188
49 187
201 207
23 84
116 135
127 119
25 131
116 159
135 142
182 180
79 118
157 162
107 185
63 52
186 104
9 228
184 62
107 192
123 73
206 178
1 134
210 162
134 175
56 63
204 217
57 131
107 198
160 67
179 171
14 209
106 190
152 87
21 234
115 154
198 64
101 203
57 168
79 179
148 154
118 146
134 172
21 182
143 5
23 31
16 36
75 11
53 168
122 46
134 192
70 138
196 178
39 202
37 67
42 1
156 201
43 136
47 49
188 59
178 58
114 176
160 157
85 3
133 57
4 13
135 171
113 75
59 59
94 233
47 221
140 4
169 37
209 234
135 123
47 1
158 115
149 206
211 135
23 189
201 221
113 85
206 120
185 88
69 2
73 206
25 82
183 197
165 214
176 1
73 189
43 149
137 200
121 102
1 15
135 129
119 225
117 39
83 173
75 163
28 160
84 35
190 184
130 164
1 13
139 166
41 160
99 212
76 83
97 5
210 80
198 191
144 60
152 175
185 16
52 115
66 189
194 168
113 212
163 144
39 187
193 124
17 57
59 118
183 13
191 89
71 33
1 103
33 63
76 6
28 143
168 91
189 34
125 209
103 183
22 90
140 128
119 111
204 133
109 46
114 110
86 209
145 1
98 32
119 214
38 51
172 231
126 20
133 232
64 98
120 194
1 151
13 198
70 37
97 1
166 179
194 71
91 227
88 196
192 179
61 115
198 3
76 66
97 234
147 143
190 80
96 17
23 93
33 7
83 231
118 88
188 196
201 169
206 62
182 66
180 220
148 106
129 139
205 64
113 186
212 207
76 233
64 207
192 88
199 130
43 139
150 152
143 165
108 129
49 78
180 155
109 100
40 129
91 194
143 73
37 1
1 76
136 57
61 64
191 159
152 160
105 139
116 187
186 8
151 89
73 151
177 31
21 22
38 203
76 227
212 145
152 216
175 224
186 110
158 46
117 57
212 124
121 107
60 48
212 54
168 199
211 15
58 200
1 67
8 226
47 158
28 82
135 192
46 210
19 105
67 28
56 26
84 112
198 128
64 128
192 30
135 165
170 55
46 146
212 111
29 38
5 13
114 77
186 28
145 86
187 97
99 16
155 128
32 208
38 155
39 89
62 220
35 60
16 228
161 26
14 38
41 10
149 42
26 30
193 226
24 170
25 142
162 56
128 19
51 201
36 64
208 1
31 191
62 223
123 66
127 218
122 228
147 207
165 221
113 208
89 214
107 27
103 107
107 24
102 20
86 106
74 136
101 1
10 199
29 6
85 141
8 212
48 82
104 4
105 22
21 123
96 198
67 200
113 27
115 6
173 116
150 158
158 67
61 201
58 70
64 133
105 72
200 35
164 148
111 4
186 172
200 108
14 11
52 136
212 176
47 170
57 143
89 52
126 63
173 226
118 227
30 224
191 27
91 88
91 199
138 148
51 194
166 220
32 13
97 63
212 59
118 54
204 223
105 97
112 201
79 164
96 145
1 129
118 91
5 148
63 81
205 193
173 218
7 102
93 52
27 1
119 46
16 220
50 143
29 1
22 3
63 44
13 43
15 123
138 139
13 88
7 70
198 33
69 139
69 27
24 146
27 167
119 14
80 126
5 17
9 57
21 28
32 91
67 222
150 50
1 122
212 81
199 100
25 207
136 4
164 126
19 175
94 65
53 155
102 199
153 107
134 72
152 171
48 186
150 169
7 8
178 129
104 205
1 72
33 225
72 134
211 114
23 59
120 80
63 59
185 155
179 156
25 53
75 1
169 186
106 152
116 217
198 1
206 145
212 146
161 225
94 204
16 153
116 166
192 115
43 183
192 53
141 130
165 234
205 16
165 65
3 166
208 204
119 170
113 209
103 166
39 47
92 171
117 223
67 191
98 156
98 49
152 80
126 8
192 220
209 87
117 169
122 6
126 3
205 94
103 24
99 197
80 216
96 43
28 222
207 55
166 196
53 82
48 202
118 1
75 31
129 152
45 200
26 37
41 124
84 108
117 152
114 103
57 132
173 233
150 198
92 183
75 231
118 33
6 180
35 203
92 1
162 80
13 103
110 234
79 176
80 15
150 234
184 118
24 105
25 121
190 63
128 140
41 38
114 233
147 196
212 134
33 148
78 208
61 87
41 131
163 103
176 89
133 14
196 85
138 71
18 17
155 79
39 115
151 210
124 176
115 171
91 112
72 86
141 213
83 70
3 178
36 163
73 170
51 52
137 71
210 183
170 7
133 104
6 225
72 125
123 64
164 204
111 26
92 153
200 36
123 136
140 154
195 60
23 136
89 127
76 169
153 14
175 14
193 94
39 25
82 172
10 187
27 221
157 80
110 197
181 48
182 24
212 213
142 118
154 129
197 48
24 6
19 178
84 227
184 153
110 180
25 16
98 107
71 35
60 212
212 53
154 157
99 83
154 50
4 205
57 209
23 150
150 182
133 22
20 99
193 129
77 186
94 88
122 157
160 134
188 32
165 160
209 33
94 156
124 107
186 60
212 133
123 82
48 1
135 211
164 141
40 120
83 135
63 74
122 232
210 124
98 234
69 37
212 120
51 95
178 32
143 194
42 89
184 190
4 120
4 14
204 107
192 112
139 127
15 187
107 77
141 110
122 200
29 172
4 88
42 131
127 148
33 29
2 141
52 204
75 4
1 1
192 208
8 176
125 177
84 180
96 234
27 217
11 220
133 228
179 98
40 75
159 13
198 212
189 14
124 4
1 197
109 180
187 11
149 128
207 170
99 1
170 231
63 6
108 7
1 34
187 63
1 206
179 208
176 214
185 27
57 150
142 136
111 234
187 48
30 143
121 71
183 78
9 32
50 51
207 23
152 79
212 1
192 68
196 100
58 217
79 59
31 1
11 107
36 24
125 219
1 14
66 181
97 98
165 5
60 21
6 129
195 33
92 131
62 198
1 44
120 21
175 63
70 57
32 1
142 58
85 97
139 114
52 198
118 163
154 30
138 63
95 24
50 1
178 184
42 146
116 206
212 214
199 127
110 187
138 185
12 131
75 5
1 78
176 133
203 199
173 105
161 124
46 8
47 213
212 72
201 47
104 81
68 125
72 197
99 131
150 181
145 21
151 234
19 78
106 79
15 145
158 233
89 109
160 61
123 123
78 63
62 232
116 205
102 104
135 109
162 208
171 77
108 215
102 66
59 229
121 168
3 172
102 177
201 194
136 36
11 25
123 68
203 29
212 168
206 29
17 56
150 195
1 95
100 61
148 102
4 155
8 216
212 230
14 3
4 10
133 55
53 32
10 3
142 91
91 165
118 9
135 150
66 137
17 190
52 197
144 166
203 82
129 180
164 86
23 221
89 157
66 185
99 4
49 149
1 153
166 27
112 92
133 135
116 80
34 40
81 210
153 72
78 37
116 34
107 222
34 231
148 138
86 27
123 174
212 184
79 1
16 51
89 190
75 14
152 114
171 205
193 65
2 159
81 187
198 227
136 206
70 1
118 7
173 112
65 1
171 222
83 119
172 151
3 23
202 36
8 231
136 3
15 58
46 207
164 9
110 153
146 121
95 49
77 113
132 205
1 119
136 100
110 16
165 35
176 45
28 109
168 106
51 134
208 194
189 30
166 168
166 183
200 2
209 203
212 212
16 141
156 14
177 82
143 111
72 137
119 13
74 32
163 105
10 50
129 9
119 29
188 138
73 234
77 16
70 228
40 10
120 191
158 3
34 127
208 64
178 234
162 105
180 63
79 234
80 61
161 161
211 156
130 19
27 136
12 93
94 102
5 229
145 110
100 33
1 165
59 35
83 108
66 221
205 202
48 115
2 34
209 15
131 196
12 90
212 40
165 212
28 115
24 122
92 4
49 226
100 101
62 1
137 221
167 71
53 63
130 189
179 49
121 39
208 189
180 71
117 48
53 209
171 204
101 35
10 177
114 193
159 143
186 91
163 42
155 49
123 129
170 92
142 7
125 134
210 37
13 131
194 234
84 1
86 19
54 172
30 11
188 109
135 47
129 230
71 213
172 13
142 1
201 190
42 148
11 156
75 20
48 233
22 222
210 210
13 232
45 179
97 128
117 1
175 218
207 209
155 116
169 223
51 157
23 80
35 171
45 2
13 108
136 65
137 165
98 58
28 192
161 215
10 183
121 26
57 181
200 24
15 199
81 136
71 124
70 122
104 114
17 186
169 81
1 184
72 195
140 229
126 227
134 59
198 213
130 190
157 97
1 47
173 157
1 35
186 42
206 55
137 225
90 63
52 34
194 126
121 34
94 103
198 134
211 93
20 101
176 71
101 60
209 166
190 90
102 71
83 170
165 145
161 114
159 180
4 160
58 29
109 103
212 228
162 123
208 156
119 43
91 231
13 210
25 170
38 148
48 197
120 71
13 129
205 142
166 144
170 116
11 5
2 234
202 91
46 217
105 29
179 11
181 224
136 115
127 95
13 2
212 225
103 99
150 141
198 189
25 81
33 234
13 156
178 107
102 48
33 141
30 120
145 224
144 10
77 94
31 177
212 33
84 95
76 171
70 167
128 203
122 90
192 148
62 53
34 222
163 81
168 182
151 80
209 191
16 20
184 162
68 47
160 77
149 1
62 23
59 48
68 67
53 53
85 125
20 199
46 214
90 6
162 103
125 75
153 21
102 137
90 148
183 101
154 234
3 234
27 234
91 84
3 22
128 154
190 33
111 15
110 123
50 156
96 166
210 57
22 86
109 1
40 206
80 150
144 150
2 231
4 136
68 217
173 92
182 130
1 38
127 114
87 111
212 5
16 230
169 159
187 229
42 229
18 117
106 48
46 28
52 116
66 158
68 198
42 70
52 98
88 17
157 110
190 162
116 55
52 16
61 163
200 176
16 107
99 149
131 129
190 166
20 20
146 224
8 38
48 70
178 8
149 117
63 208
75 50
59 104
56 53
139 152
44 231
157 199
23 46
179 77
179 180
166 40
128 46
196 71
22 186
36 116
188 24
116 56
99 151
109 20
8 206
57 178
181 199
56 50
21 98
110 175
192 122
139 95
17 212
24 54
192 56
187 175
125 169
158 55
163 159
40 176
193 63
28 194
120 42
107 94
100 227
156 159
26 232
107 40
188 204
59 215
52 40
1 149
77 55
161 40
57 137
67 171
206 234
81 5
205 176
145 113
140 231
99 94
165 136
89 161
120 231
113 11
163 227
91 137
155 134
198 196
43 83
116 185
104 131
189 145
159 10
15 91
77 195
8 83
40 145
25 124
1 3
88 144
212 70
162 23
58 59
205 53
143 20
157 206
180 24
20 208
212 2
90 99
172 185
98 59
15 16
166 1
200 58
191 181
12 118
211 68
71 109
122 8
114 112
18 120
13 140
132 76
177 157
212 84
73 58
121 169
1 66
21 160
37 136
57 165
133 39
62 85
131 27
73 113
183 189
146 57
167 24
156 156
185 5
73 135
47 86
32 92
15 59
192 214
129 23
106 154
76 150
107 87
54 50
114 165
54 155
119 159
168 1
7 36
1 139
157 207
91 41
7 17
134 234
201 131
119 1
192 137
149 24
5 61
67 215
80 27
63 224
100 234
132 117
210 96
184 85
147 91
149 37
28 126
63 186
72 133
201 83
212 31
171 88
42 205
77 1
46 105
1 55
99 22
208 178
15 94
136 120
86 73
3 122
64 103
19 2
142 233
158 138
132 41
164 97
110 155
143 129
13 164
165 48
144 83
143 15
103 53
46 106
61 184
164 198
205 91
14 128
24 80
125 106
140 72
38 234
84 120
26 193
161 176
166 151
162 36
211 115
159 105
188 26
32 125
113 182
199 231
143 143
75 186
56 147
48 86
13 5
12 46
68 234
32 95
6 138
174 144
158 230
108 32
150 160
122 51
157 34
49 183
198 75
35 145
170 197
204 219
29 185
193 43
24 25
60 77
128 165
126 174
185 1
172 53
134 199
44 205
173 156
102 226
147 234
11 150
184 110
197 187
124 59
91 209
197 234
204 81
122 73
62 153
152 65
38 57
123 1
125 234
165 39
10 9
88 190
52 169
2 54
1 83
170 58
80 234
169 44
170 61
49 34
203 27
12 7
18 80
95 38
116 61
205 117
120 41
23 127
2 4
162 94
198 102
7 122
194 207
22 133
133 181
128 73
41 104
183 25
199 157
157 60
39 113
178 103
192 89
162 73
146 147
21 1
130 153
141 72
124 233
123 37
151 191
36 123
106 21
134 57
162 172
76 1
112 138
80 168
138 163
77 60
1 216
160 204
115 202
1 166
157 105
18 219
45 41
212 149
179 196
162 130
186 161
39 123
5 29
118 29
165 70
42 101
190 202
116 175
154 71
98 209
23 125
212 29
190 207
156 161
143 131
108 234
90 119
75 26
180 234
73 27
186 1
109 139
204 164
184 134
182 175
201 38
99 164
182 60
33 176
122 128
212 222
17 77
61 40
1 112
203 133
81 33
63 162
53 234
149 234
14 121
155 66
19 101
211 27
9 1
85 164
22 24
131 68
212 110
113 112
159 150
158 41
205 200
96 91
102 87
136 117
188 199
1 86
62 182
181 16
148 185
199 174
64 157
22 178
174 97
70 180
115 201
62 179
160 88
32 175
140 130
29 122
20 234
176 92
121 215
63 79
123 11
90 40
176 234
95 163
49 185
195 158
191 145
137 231
201 74
1 170
26 122
75 111
122 1
142 110
132 139
167 73
41 202
38 8
154 211
96 72
5 163
104 206
137 224
16 106
146 1
85 201
188 29
1 182
162 147
101 98
142 174
83 118
133 204
152 111
38 129
212 116
170 234
179 234
18 143
83 206
198 171
113 150
6 148
99 211
175 72
45 234
100 203
192 50
101 62
189 16
72 111
29 43
85 45
144 93
44 225
67 117
164 34
42 234
62 152
64 4
66 55
51 197
139 145
128 111
196 79
29 134
122 140
132 126
107 179
200 43
153 7
191 189
59 204
75 201
33 98
164 55
36 146
97 127
55 193
175 60
209 209
56 82
59 8
100 115
66 73
117 192
167 215
157 215
150 189
15 204
205 1
130 45
134 43
75 217
14 129
6 90
44 141
7 209
174 27
1 33
74 25
106 223
22 225
212 96
32 129
63 141
58 107
46 93
93 139
211 50
134 223
181 134
91 159
211 119
49 8
184 94
93 157
59 93
1 225
160 83
132 65
179 109
49 95
95 104
206 198
168 203
171 230
127 145
115 1
16 38
64 224
104 155
189 22
46 44
121 111
202 61
160 209
132 83
175 27
25 114
124 121
144 159
116 155
55 20
109 76
74 11
87 160
173 107
75 18
206 199
121 131
9 63
87 27
123 212
16 45
200 32
24 27
163 225
83 130
41 76
65 3
188 34
192 34
137 134
165 105
141 96
159 25
100 60
29 81
182 111
25 234
204 86
72 119
200 111
123 55
111 132
166 188
96 79
184 173
205 50
178 199
108 128
181 233
103 174
160 179
44 66
13 213
164 89
198 124
60 161
85 187
143 89
89 56
28 58
25 79
172 153
159 22
191 88
140 36
131 112
8 1
84 85
96 225
19 154
111 173
179 70
30 96
150 73
90 191
169 116
19 211
13 230
197 49
66 9
126 1
67 95
70 139
58 10
77 108
152 226
75 196
183 132
41 162
1 192
21 210
123 131
97 61
36 107
56 121
157 109
166 75
159 199
49 214
22 40
25 162
185 36
41 91
121 106
28 60
194 89
155 26
84 28
148 214
65 65
176 31
133 20
23 134
31 9
59 192
12 116
136 228
142 51
50 122
208 150
26 90
195 188
1 156
109 56
132 24
158 1
7 141
195 92
1 109
11 8
149 96
190 86
201 7
146 168
80 170
101 182
77 84
73 168
37 202
42 162
76 57
5 1
149 121
101 82
150 29
94 221
103 234
79 75
70 164
122 106
74 204
112 150
43 144
209 167
177 148
172 164
125 171
161 11
21 212
132 42
162 60
180 186
43 41
3 43
98 229
122 41
208 157
11 111
146 166
73 200
184 1
35 92
125 200
106 54
42 60
99 178
19 216
22 1
163 19
161 33
179 168
173 81
189 230
20 15
157 234
80 230
192 27
176 16
119 63
101 67
209 26
192 87
113 217
3 188
180 94
141 112
1 205
60 11
22 118
181 88
202 11
114 48
183 22
9 90
134 45
35 105
25 111
210 159
170 109
14 169
162 109
190 36
25 227
50 218
99 162
39 12
94 178
70 144
78 122
93 93
1 164
135 134
177 43
114 35
50 166
190 8
52 165
94 167
136 166
157 88
91 51
162 215
22 102
129 179
212 167
35 188
141 80
1 181
148 181
141 58
19 54
14 220
123 49
145 74
24 151
209 186
67 113
143 226
200 215
46 160
15 156
157 103
87 189
188 211
121 195
42 135
81 131
191 30
205 221
189 220
64 179
28 166
195 1
173 110
190 195
191 35
211 126
150 46
75 103
191 90
90 61
208 154
41 192
94 6
78 73
1 207
178 46
145 70
201 209
9 234
101 159
141 212
24 206
206 52
207 165
15 158
212 144
146 208
34 91
155 234
49 170
53 216
153 226
91 4
208 98
163 114
145 138
193 214
44 201
92 70
175 142
9 160
137 92
131 211
33 199
185 86
73 229
140 3
96 53
135 207
56 108
113 233
111 9
3 203
1 40
197 140
40 66
50 49
148 68
47 100
170 11
65 145
27 134
3 150
177 53
28 195
9 7
128 112
64 110
120 78
17 34
111 51
128 15
137 66
34 18
105 123
25 200
185 174
15 132
83 157
178 194
82 22
56 52
135 2
35 66
178 26
99 75
30 23
40 185
123 190
205 184
182 120
153 117
38 165
59 112
25 130
164 122
71 1
34 157
176 49
82 64
53 110
15 89
99 109
92 65
186 13
170 232
95 43
52 73
34 81
1 37
99 8
87 46
20 11
85 12
21 231
166 80
118 153
164 43
27 48
193 41
131 57
49 110
209 5
183 47
84 96
154 149
4 147
177 77
198 205
186 234
52 108
118 14
161 94
117 83
51 60
191 120
48 6
113 202
106 129
94 160
183 94
22 57
49 142
188 119
204 56
87 97
151 52
25 97
1 64
207 69
13 74
124 1
188 170
167 54
95 200
73 82
188 193
28 79
18 175
78 185
208 182
88 213
99 203
8 39
132 123
19 102
151 81
46 208
150 108
141 82
125 39
209 65
172 123
150 128
60 204
200 93
194 65
125 57
122 136
137 201
91 217
84 39
119 103
66 119
69 230
206 106
165 54
6 56
1 222
178 42
132 81
175 234
133 154
71 183
98 1
194 1
26 229
87 151
29 18
117 100
48 30
166 111
62 158
17 101
40 93
4 6
212 196
62 170
167 229
24 67
92 86
65 20
1 99
63 78
20 177
204 5
18 22
45 12
126 59
12 87
178 197
80 20
160 3
46 100
63 101
115 175
46 234
47 199
185 159
66 67
10 211
83 215
1 132
176 37
43 13
133 177
89 1
64 109
33 215
146 233
152 234
92 77
212 44
92 120
13 121
194 18
172 62
180 114
7 124
91 117
81 60
48 165
150 133
127 58
148 116
189 68
211 190
54 41
49 145
189 115
153 96
60 42
200 60
158 38
146 234
9 190
203 136
1 91
32 107
80 119
163 200
98 187
103 75
121 14
112 116
102 221
68 1
204 197
212 20
138 152
34 184
32 182
151 75
148 23
37 231
173 101
168 160
154 146
60 121
131 191
155 76
85 10
38 56
151 27
12 119
7 148
182 197
108 20
46 57
23 216
198 219
155 40
24 89
126 65
106 123
56 201
201 224
66 136
52 1
79 131
135 206
118 197
93 207
88 27
32 41
166 37
178 20
13 151
192 58
208 234
129 141
200 210
131 29
209 100
203 174
179 2
11 110
3 27
12 137
11 129
151 171
202 134
15 95
202 207
185 62
139 101
167 101
212 141
74 97
196 18
17 25
20 49
68 41
93 193
33 232
187 124
212 21
118 138
89 38
146 171
101 85
199 37
11 146
159 205
73 20
180 46
146 185
72 90
187 1
23 169
210 161
183 65
200 1
195 223
203 70
74 65
126 141
159 40
202 43
73 78
6 122
113 149
20 66
172 58
18 162
109 47
122 134
117 179
58 141
1 210
19 16
207 38
45 74
131 217
25 119
79 167
207 132
133 234
143 1
101 106
210 18
164 190
186 224
79 154
39 42
59 159
149 69
100 215
141 6
171 133
1 196
89 210
52 44
107 170
101 37
31 105
164 37
173 193
40 1
108 183
171 4
212 185
68 87
40 178
124 172
212 99
45 185
45 127
75 172
210 174
186 213
35 132
195 46
70 186
148 191
50 24
99 225
155 204
54 101
196 1
211 30
48 20
32 185
12 71
127 208
129 108
72 164
120 146
172 99
23 230
54 180
3 194
194 153
156 11
168 19
38 209
178 226
71 148
196 105
105 212
75 222
188 105
73 193
26 219
212 107
185 207
202 62
117 111
158 75
143 41
7 6
43 222
188 192
25 80
134 79
58 20
73 47
185 135
1 162
43 112
1 5
195 24
22 214
62 121
107 74
119 113
17 69
56 81
51 179
113 118
203 104
176 64
11 170
164 5
21 154
211 172
118 234
5 3
176 105
162 182
88 153
1 18
163 146
50 43
28 186
4 234
194 216
7 32
52 32
177 230
5 6
85 9
10 192
212 155
1 39
212 69
54 142
190 201
170 224
77 32
95 215
182 193
68 216
181 222
127 209
182 126
189 172
161 187
24 70
20 197
109 44
156 124
42 181
41 189
110 144
194 109
168 145
171 26
135 42
61 226
212 38
42 220
104 207
13 86
79 150
120 161
10 226
26 113
62 133
190 120
157 12
144 207
173 135
205 24
36 209
83 143
190 206
