101 101 1000
101 76
99 18
101 46
38 19
24 9
3 30
40 61
1 98
56 51
99 31
74 99
53 53
1 94
72 45
1 17
17 90
21 36
95 68
71 15
77 41
15 84
61 31
62 36
11 40
82 95
64 70
90 57
76 28
22 69
90 81
85 101
12 98
100 97
58 58
51 9
5 99
53 34
84 99
1 82
91 51
73 19
64 33
33 13
62 100
94 66
87 2
32 82
31 65
62 55
51 38
99 50
18 17
20 67
48 34
70 1
51 68
8 11
59 92
73 74
101 25
31 62
69 42
6 11
1 71
101 13
6 52
25 36
6 37
13 27
47 67
29 64
23 12
93 8
92 58
1 42
77 15
58 59
98 25
37 69
100 86
68 18
95 47
70 49
94 16
91 46
7 60
70 89
18 59
12 15
5 25
77 39
101 5
93 51
56 1
47 41
80 89
27 48
21 93
50 37
68 61
85 29
75 17
15 31
71 39
62 12
20 93
41 56
10 5
9 34
75 77
57 61
14 30
98 86
34 49
28 89
3 58
47 47
60 55
7 55
96 5
36 22
69 54
21 14
68 43
74 32
49 46
101 14
38 74
31 1
33 82
73 41
28 63
44 49
56 59
7 72
91 31
74 63
3 56
87 16
41 94
82 84
99 45
56 55
41 57
6 40
23 8
101 96
77 93
15 63
81 3
25 17
29 75
33 73
68 53
34 79
2 83
101 51
94 101
68 6
66 97
74 66
83 8
25 27
72 35
8 93
9 71
1 49
23 56
84 24
56 20
32 101
22 11
1 46
25 44
1 34
86 1
54 8
91 90
36 62
38 72
32 18
68 90
42 26
11 71
32 24
74 27
6 92
14 11
101 81
89 77
66 45
55 69
59 57
67 46
21 8
95 46
2 78
22 12
47 26
12 99
65 16
51 87
14 41
71 5
1 22
73 25
24 33
47 23
82 6
83 101
52 99
49 4
14 39
1 47
69 88
77 86
99 52
92 9
68 99
13 8
53 20
30 13
47 65
69 77
62 94
22 33
39 79
77 70
22 70
93 28
60 23
53 46
8 92
69 37
101 83
13 34
92 66
42 97
48 91
37 91
47 49
35 50
20 84
23 98
76 17
91 1
101 78
1 67
76 25
71 92
20 87
88 47
84 96
11 100
46 1
32 38
84 47
47 90
9 69
86 69
100 7
71 7
8 42
93 18
52 44
78 32
2 74
25 79
56 23
46 67
16 82
47 2
56 13
25 6
1 101
29 101
26 4
15 13
62 70
30 71
21 81
88 79
48 89
6 31
50 42
81 1
77 94
57 58
83 86
93 63
18 58
13 20
15 82
85 93
96 1
61 43
17 3
99 17
29 65
57 100
52 1
50 77
7 44
63 27
16 24
25 48
34 21
1 63
84 86
36 70
28 91
75 32
40 101
81 2
97 37
26 68
90 1
88 26
64 52
63 9
65 45
69 73
101 1
50 73
58 11
41 67
67 80
68 20
6 20
101 87
75 97
38 101
2 8
61 58
100 35
54 12
72 68
80 22
2 62
52 17
64 58
7 93
95 10
14 78
5 3
41 101
44 55
50 39
92 33
6 77
18 12
55 21
78 36
47 60
41 22
90 41
36 19
37 30
1 59
20 19
19 49
51 71
12 52
101 31
58 61
40 8
100 36
66 67
82 90
7 97
63 101
42 82
68 39
39 39
55 13
86 45
88 89
31 52
34 46
88 80
12 65
34 25
46 40
8 59
48 86
27 83
24 36
34 3
42 92
86 76
74 101
61 66
10 80
44 63
5 101
74 64
27 29
53 23
1 11
96 87
86 17
31 27
14 2
7 26
50 1
4 29
57 3
45 5
25 90
59 58
20 88
3 72
101 47
69 101
7 81
29 24
77 67
30 27
62 53
2 34
4 74
30 56
87 90
33 94
54 74
41 77
48 72
87 10
4 1
74 5
39 26
78 49
48 41
56 37
84 67
54 24
7 94
27 10
19 86
33 15
62 71
32 75
60 33
90 49
71 58
68 19
66 84
10 32
11 79
18 87
36 55
34 30
8 58
36 92
62 7
10 31
16 78
100 55
65 38
21 87
1 36
65 61
94 63
24 91
35 66
1 29
73 47
40 23
40 50
77 9
49 52
40 90
62 38
52 49
26 101
35 16
55 24
93 74
63 89
31 21
58 48
60 101
79 20
98 50
97 66
82 22
75 80
75 39
25 71
39 8
1 96
36 100
31 87
55 85
96 42
8 101
20 65
92 1
73 92
55 42
81 25
58 97
13 59
26 79
55 56
15 97
84 7
23 82
25 61
88 36
47 85
50 34
29 88
11 41
87 23
1 26
96 44
12 49
44 9
91 32
22 47
101 90
75 33
87 88
51 12
29 91
6 2
65 62
47 20
13 15
68 48
18 62
91 93
76 1
101 71
33 31
4 88
91 82
21 49
38 91
101 11
1 25
36 69
49 15
64 101
22 79
34 29
44 16
32 70
53 66
65 65
100 99
80 51
1 44
59 23
85 7
98 32
10 11
84 13
70 61
27 44
82 96
73 4
7 63
54 71
10 28
77 50
24 96
47 16
19 78
7 61
72 79
74 53
60 46
53 62
1 24
97 70
1 35
38 4
96 20
61 48
8 32
70 54
16 10
59 81
78 100
94 19
69 50
69 1
15 75
48 31
52 3
68 38
4 55
92 18
67 78
68 91
32 98
27 24
21 89
101 20
6 21
100 87
85 32
72 91
35 97
27 81
1 75
93 1
48 35
72 86
41 76
70 46
64 61
59 14
13 61
46 87
40 45
85 50
9 1
71 35
86 28
59 101
8 39
86 93
30 99
8 57
26 77
99 36
66 65
21 97
64 82
74 18
68 46
49 74
76 84
17 20
11 10
29 98
74 29
88 17
49 31
87 57
2 67
92 87
28 96
101 70
22 81
22 36
32 67
19 70
76 73
95 61
32 57
42 10
61 50
46 91
100 18
15 25
2 52
101 85
1 32
60 97
78 20
56 33
32 80
17 73
100 79
66 19
3 71
23 65
92 75
84 44
4 62
47 58
72 7
83 21
62 95
55 16
69 92
23 61
11 80
101 2
19 33
6 43
64 35
4 2
78 43
62 13
92 46
15 5
42 68
35 80
29 52
90 6
76 3
40 14
5 21
51 101
81 37
15 69
101 22
19 45
43 8
87 41
59 8
34 40
72 36
15 95
12 23
64 10
89 1
61 37
40 43
13 90
79 100
67 25
24 90
63 47
59 74
13 85
66 77
63 85
23 47
52 87
41 36
17 1
98 39
17 101
9 97
77 91
44 40
77 24
62 39
96 101
94 75
4 31
48 11
34 61
37 77
71 82
81 80
99 5
16 35
82 71
36 26
29 81
16 30
101 93
101 74
28 25
77 56
36 89
34 75
77 101
91 62
97 101
9 98
72 27
39 85
91 61
82 1
87 86
65 59
68 87
96 73
37 5
68 66
70 5
7 28
56 98
97 30
21 3
36 17
63 93
28 98
90 79
27 14
1 62
5 72
70 14
94 8
4 53
77 64
70 79
54 43
56 27
20 34
46 77
61 81
39 10
61 38
35 1
13 87
66 58
74 16
57 16
11 59
36 101
101 26
12 87
56 57
79 101
99 93
67 67
99 65
60 45
68 57
58 4
101 65
17 8
43 42
67 81
45 38
101 66
32 64
73 17
47 92
86 26
95 74
16 51
54 57
47 73
93 65
91 21
9 17
12 91
96 69
3 24
69 75
3 85
86 36
30 52
51 86
94 26
96 17
53 7
70 12
21 43
9 18
57 35
36 58
1 84
97 29
101 44
76 48
67 75
94 24
46 93
44 80
81 93
63 2
91 13
44 31
35 57
18 38
15 61
32 60
55 86
44 20
97 7
47 51
15 17
57 1
73 43
17 5
3 52
82 10
98 59
1 27
31 13
69 63
72 83
101 56
6 84
77 88
35 74
44 4
22 80
40 1
70 44
33 23
94 15
24 85
83 26
3 75
9 53
13 70
93 48
68 45
80 90
26 69
52 24
78 88
94 6
51 33
14 95
101 10
100 93
62 87
53 21
81 13
80 1
58 1
56 97
49 73
7 22
101 8
96 23
36 99
19 96
14 6
46 75
8 79
30 18
38 36
90 67
64 37
22 28
65 74
1 93
68 81
48 54
93 83
33 22
26 58
48 2
30 77
65 80
10 101
14 70
94 96
26 81
50 8
48 57
88 95
47 101
87 21
38 9
34 66
61 84
93 87
94 20
11 89
88 20
76 32
99 11
30 101
40 49
34 42
101 82
21 1
41 53
76 40
96 53
50 86
54 81
12 96
82 4
45 89
79 15
90 50
54 59
6 58
101 68
84 40
67 41
69 47
31 45
77 5
88 85
14 97
92 43
77 74
58 8
101 69
101 36
32 1
61 42
91 58
15 4
95 65
33 72
27 7
74 34
37 8
89 72
55 71
78 86
16 101
16 6
11 8
59 97
79 73
16 54
33 95
99 81
57 98
5 35
41 93
